120	2	13.46481466293335
120	2	14.07287883758545
120	2	13.789573431015015
120	2	13.305444717407227
120	2	12.633100986480713
120	4	13.5680410861969
120	4	13.013652563095093
120	4	12.894813776016235
120	4	13.368102073669434
120	4	12.944583892822266
120	6	12.585545301437378
120	6	13.243116855621338
120	6	13.074771881103516
120	6	12.845804691314697
120	6	13.698292970657349
120	8	12.810534238815308
120	8	12.661865234375
120	8	13.54381513595581
120	8	12.98733901977539
120	8	13.324913263320923
120	10	13.911212921142578
120	10	12.612443208694458
120	10	13.092103958129883
120	10	12.789429903030396
120	10	13.41880750656128
120	12	13.061292886734009
120	12	13.604121208190918
120	12	13.303148746490479
120	12	13.571373224258423
120	12	12.914658308029175
120	14	12.657951354980469
120	14	12.52508020401001
120	14	13.349900960922241
120	14	13.321980237960815
120	14	13.517606735229492
120	16	13.111057996749878
120	16	13.150439262390137
120	16	13.297200918197632
120	16	13.375844478607178
120	16	13.682445287704468
120	18	13.534263610839844
120	18	14.257415294647217
120	18	13.063925504684448
120	18	13.40203046798706
-------------------------
latency 두개 중 하나 일때 실험
120	2	14.422666311264038
120	2	14.661251306533813
120	2	14.333736896514893
120	2	15.024592399597168
120	2	14.947231531143188
120	4	15.058566093444824
120	4	14.91637897491455
120	4	14.796533107757568
120	4	15.028269290924072
120	4	14.811466932296753
120	6	15.106745958328247
120	6	14.907872676849365
120	6	15.01479959487915
120	6	15.057583570480347
120	6	15.578673839569092
120	8	14.776605129241943
120	8	13.97277545928955
120	8	14.911471605300903
120	8	14.568192481994629
120	8	15.085755586624146
120	10	14.451071500778198
120	10	14.79561996459961
120	10	15.06425929069519
120	10	14.435779333114624
120	10	14.61707329750061
120	12	14.559175491333008
120	12	15.045605182647705
120	12	14.403071880340576
120	12	15.098098039627075
120	12	14.935988187789917
120	14	14.593679189682007
120	14	14.140989303588867
120	14	15.053385734558105
120	14	14.44972276687622
120	14	13.795303106307983
120	16	14.452945947647095
120	16	14.888778686523438
120	16	14.921083927154541
120	16	14.616421937942505
120	16	14.916867971420288
120	18	14.42102575302124
120	18	14.931273937225342
120	18	14.926756858825684
120	18	15.07673192024231
120	18	14.919132232666016
120	20	14.580673694610596
120	20	14.446186304092407
120	20	14.72182321548462
120	20	14.899932622909546
120	20	14.616605043411255
160	2	19.63382387161255
160	2	19.757349014282227
160	2	19.519870281219482
160	2	19.41063690185547
160	2	18.686968088150024
160	4	19.71703553199768
160	4	18.758533716201782
160	4	19.912500619888306
160	4	19.755116939544678
160	4	19.41697359085083
160	6	19.287269353866577
160	6	19.718260765075684
160	6	19.419128894805908
160	6	18.943026065826416
160	6	19.146658420562744
160	8	19.677823543548584
160	8	19.512620210647583
160	8	18.8954861164093
160	8	19.510362148284912
160	8	19.48204731941223
160	10	20.02128028869629
160	10	19.87319326400757
160	10	19.99143385887146
160	10	20.022082328796387
160	10	19.051908254623413
160	12	20.176314115524292
160	12	19.847959756851196
160	12	19.335655212402344
160	12	19.70177173614502
160	12	19.575976133346558
160	14	19.407339811325073
160	14	19.24491834640503
160	14	19.701956748962402
160	14	19.718894720077515
160	14	19.37112784385681
160	16	19.70295476913452
160	16	19.850298643112183
160	16	19.765932321548462
160	16	19.713825702667236
160	16	19.8672878742218
160	18	19.844226598739624
160	18	19.404155492782593
160	18	20.487579107284546
160	18	19.201413869857788
160	18	19.36499309539795
160	20	19.716341495513916
160	20	19.580687999725342
160	20	19.097097873687744
160	20	19.213008403778076
160	20	19.539681673049927
200	2	23.331135749816895
200	2	22.525745391845703
200	2	22.900823831558228
200	2	22.980470418930054
200	2	22.676745891571045
200	4	23.045334100723267
200	4	22.664548635482788
200	4	22.9100558757782
200	4	22.911701202392578
200	4	22.58601427078247
200	6	22.856589317321777
200	6	22.304861068725586
200	6	22.569970846176147
200	6	22.498206615447998
200	6	22.73146080970764
200	8	23.599589109420776
200	8	22.802143812179565
200	8	23.480127096176147
200	8	22.57779884338379
200	8	23.274182319641113
200	10	23.5538547039032
200	10	23.038654565811157
200	10	22.4560284614563
200	10	22.67626643180847
200	10	23.243879318237305
200	12	23.150369882583618
200	12	23.780800819396973
200	12	23.34430480003357
200	12	23.52709197998047
200	12	22.868862867355347
200	14	22.925184965133667
200	14	24.002912521362305
200	14	23.515318155288696
200	14	23.377638339996338
200	14	23.235839128494263
200	16	23.241778135299683
200	16	23.442566871643066
200	16	23.068888902664185
200	16	24.003979921340942
200	16	23.077094793319702
200	18	22.755231380462646
200	18	23.431919813156128
200	18	23.065738677978516
200	18	23.81391668319702
200	18	23.258543252944946
200	20	23.486164569854736
200	20	23.398239612579346
200	20	23.194310426712036
200	20	23.897390604019165
200	20	22.912744283676147
240	2	27.46129536628723
240	2	27.74063014984131
240	2	28.25510311126709
240	2	27.35972237586975
240	2	27.66697645187378
240	4	28.27128028869629
240	4	27.782769441604614
240	4	28.150415897369385
240	4	28.115777015686035
240	4	27.985507249832153
240	6	27.754122972488403
240	6	27.755085706710815
240	6	27.484145641326904
240	6	27.980491161346436
240	6	27.16049313545227
240	8	27.485085487365723
240	8	27.301263093948364
240	8	27.69334864616394
240	8	27.52120327949524
240	8	27.44628930091858
240	10	27.949690103530884
240	10	27.57352042198181
240	10	27.640103816986084
240	10	27.132458448410034
240	10	27.765956163406372
240	12	27.939982891082764
240	12	27.856666564941406
240	12	28.41050386428833
240	12	27.359201908111572
240	12	28.253275632858276
240	14	28.534893035888672
240	14	28.347129821777344
240	14	28.507246255874634
240	14	28.397412300109863
240	14	28.993565320968628
240	16	28.300583362579346
240	16	27.928719520568848
240	16	27.98601484298706
240	16	28.942694425582886
240	16	28.59590792655945
240	18	28.58175539970398
240	18	28.292820930480957
240	18	28.057936429977417
240	18	28.73915147781372
240	18	29.10125231742859
240	20	28.099759101867676
240	20	27.828447818756104
240	20	27.80334782600403
240	20	28.900431632995605
240	20	28.11226224899292
280	2	30.889583110809326
280	2	31.476555824279785
280	2	31.02677011489868
280	2	30.844171047210693
280	2	31.127605199813843
280	4	30.82517910003662
280	4	31.139723777770996
280	4	30.788585424423218
280	4	31.13360285758972
280	4	31.116204738616943
280	6	30.975441455841064
280	6	29.968363761901855
280	6	30.065189123153687
280	6	31.111735820770264
280	6	30.583807468414307
280	8	30.56293559074402
280	8	30.945792198181152
280	8	30.592129468917847
280	8	30.903387308120728
280	8	30.325700283050537
280	10	31.631982803344727
280	10	30.45262050628662
280	10	30.66341733932495
280	10	30.928113222122192
280	10	30.69413447380066
280	12	31.73507833480835
280	12	31.43237805366516
280	12	31.649035453796387
280	12	31.370132446289062
280	12	31.407950162887573
280	14	31.349807262420654
280	14	31.46299982070923
280	14	31.607019901275635
280	14	31.449389696121216
280	14	31.425880193710327
280	16	31.61983871459961
280	16	31.753771781921387
280	16	32.19926929473877
280	16	31.590417861938477
280	16	32.378273248672485
280	18	32.62385296821594
280	18	31.975175142288208
280	18	31.03816294670105
280	18	31.990339994430542
280	18	31.990512132644653
280	20	31.527369022369385
280	20	31.842467308044434
280	20	32.156333446502686
280	20	31.55749201774597
280	20	32.318047523498535
300	2	32.71610641479492
300	2	33.14552569389343
300	2	32.69580626487732
300	2	32.91616368293762
300	2	32.86254096031189
300	4	33.16697096824646
300	4	32.996527671813965
300	4	32.86837434768677
300	4	32.48508095741272
300	4	32.94937586784363
300	6	32.49677610397339
300	6	32.32122826576233
300	6	32.25601506233215
300	6	32.26245951652527
300	6	33.15210318565369
300	8	32.601141929626465
300	8	32.669991970062256
300	8	32.31898617744446
300	8	33.22656059265137
300	8	31.959925889968872
300	10	31.976994514465332
300	10	32.880765438079834
300	10	32.3872127532959
300	10	32.47775959968567
300	10	32.33090305328369
300	12	32.95982623100281
300	12	32.59586143493652
300	12	33.423951148986816
300	12	32.903300762176514
300	12	32.99479341506958
300	14	33.83579659461975
300	14	33.49991512298584
300	14	33.61184024810791
300	14	33.30902314186096
300	14	33.429083824157715
300	16	34.095250844955444
300	16	33.17946171760559
300	16	33.5559024810791
300	16	33.6203236579895
300	16	33.91386342048645
300	18	33.28281354904175
300	18	33.43899059295654
300	18	33.60163640975952
300	18	33.91481351852417
300	18	33.392303228378296
300	20	34.234925508499146
300	20	34.40528154373169
300	20	33.12702012062073
300	20	33.38046956062317
300	20	33.41488337516785
--------------------
120	2	15.013680934906006
120	2	15.11289095878601
120	2	14.826576471328735
120	2	14.69132113456726
120	2	14.906323909759521
120	2	14.850432395935059
120	2	15.142264604568481
120	4	14.969494819641113
120	4	14.64257025718689
120	4	14.413023233413696
120	6	14.385321140289307
120	6	15.026579856872559
120	6	14.723937034606934
120	8	15.166110515594482
120	8	14.819709539413452
120	8	14.803096294403076
120	10	14.85661268234253
120	10	14.031842470169067
120	10	14.482874631881714
120	12	14.719246864318848
120	12	13.874699115753174
120	12	15.148000001907349
120	14	14.9719820022583
120	14	14.847833633422852
120	14	14.82304859161377
120	16	15.323348045349121
120	16	14.536562204360962
120	16	14.971467733383179
120	18	14.80634880065918
120	18	15.302235841751099
120	18	14.683043479919434
120	20	14.66605544090271
120	20	15.522858142852783
120	20	14.970402240753174
160	2	19.232635498046875
160	2	19.037011861801147
160	2	19.44211220741272
160	4	19.00594186782837
160	4	19.339947938919067
160	4	19.6216561794281
160	6	19.483129501342773
160	6	19.98894166946411
160	6	19.523090362548828
160	8	18.981476545333862
160	8	19.42640781402588
160	8	19.448606491088867
160	10	19.919776678085327
160	10	19.78951382637024
160	10	19.954261541366577
160	12	20.09236454963684
160	12	19.968584537506104
160	12	19.321203470230103
160	14	20.108436346054077
160	14	19.655413389205933
160	14	20.10848045349121
160	16	19.635934591293335
160	16	20.12457823753357
160	16	20.553415298461914
160	18	20.245197534561157
160	18	19.608566284179688
160	18	20.096388816833496
160	20	19.62199592590332
160	20	19.45868229866028
160	20	20.106564044952393
200	2	23.096876859664917
200	2	23.197526216506958
200	2	23.307913064956665
200	4	22.51748251914978
200	4	22.768388509750366
200	4	22.630726099014282
200	6	22.92408561706543
200	6	22.52063012123108
200	6	22.871264457702637
200	8	22.383354425430298
200	8	22.44844937324524
200	8	22.492911100387573
200	10	23.414129495620728
200	10	23.115216732025146
200	10	23.721922636032104
200	12	23.27134370803833
200	12	23.065144062042236
200	12	22.741984605789185
200	14	23.71158790588379
200	14	23.42732071876526
200	14	23.820526123046875
200	16	23.11518669128418
200	16	23.30819082260132
200	16	23.894519329071045
200	18	22.830078840255737
200	18	23.59068202972412
200	18	23.282480239868164
200	20	23.733123302459717
200	20	23.798882246017456
200	20	23.471057891845703
----------------
latency가 하나일떄
120	2	13.422624588012695
120	2	13.485582828521729
120	2	13.402328729629517
120	4	13.203928470611572
120	4	13.269066095352173
120	4	13.278078317642212
120	6	13.495727777481079
120	6	13.447569847106934
120	6	13.511056661605835
120	8	13.43640685081482
120	8	13.407811880111694
120	8	13.419794797897339
120	10	13.45029330253601
120	10	13.429623365402222
120	10	13.398739337921143
120	12	13.405562162399292
120	12	13.424586534500122
120	12	13.36988878250122
120	14	13.412773609161377
120	14	13.379632234573364
120	14	13.39949631690979
120	16	13.401909828186035
120	16	13.404939889907837
120	16	13.431628942489624
120	18	13.406786441802979
120	18	13.40425443649292
120	18	13.438526630401611
120	20	13.388859033584595
120	20	13.401302576065063
120	20	13.419480085372925
160	2	18.174973011016846
160	2	18.13297986984253
160	2	18.187438011169434
160	4	18.114580392837524
160	4	18.146319150924683
160	4	18.007671356201172
160	6	18.083613395690918
160	6	18.129866123199463
160	6	18.038556575775146
160	8	18.37157130241394
160	8	18.31846261024475
160	8	18.368555784225464
160	10	18.37842059135437
160	10	18.40526008605957
160	10	18.339645385742188
160	12	18.388158798217773
160	12	18.359143495559692
160	12	18.38846445083618
160	14	18.34880042076111
160	14	18.35869073867798
160	14	18.285266876220703
160	16	18.28986144065857
160	16	18.338906049728394
160	16	18.376856327056885
160	18	18.316747426986694
160	18	18.30863857269287
160	18	18.325474500656128
160	20	18.320523738861084
160	20	18.299487352371216
160	20	18.365567684173584
200	2	21.459500312805176
200	2	21.406529426574707
200	2	21.461080074310303
200	4	21.428072452545166
200	4	21.418838024139404
200	4	21.341116905212402
200	6	21.259746313095093
200	6	21.2396981716156
200	6	21.135243892669678
200	8	21.490291357040405
200	8	21.429288387298584
200	8	21.37563681602478
200	10	21.801189184188843
200	10	21.804769039154053
200	10	21.790409326553345
200	12	21.939589977264404
200	12	21.918980360031128
200	12	21.972976207733154
200	14	21.987553596496582
200	14	22.002558708190918
200	14	21.982518434524536
200	16	21.989795207977295
200	16	22.001449584960938
200	16	21.971946239471436
200	18	21.997692584991455
200	18	21.96652579307556
200	18	22.011654376983643
200	20	21.987340211868286
200	20	21.953664541244507
200	20	21.99345636367798
